Triángulos del mejor individuo
============================================================
Fitness: 0.951446
Cantidad de triángulos: 60

Triángulo 0:
[0.645913260464278, 0.6968998892923044, 0.24232525500033664, 0.9884889972423138, 0.6459891655095844, 0.9823875645741511, 0.9629845418844024, 1.0, 0.968423434380958, 0.2549041947595232]

Triángulo 1:
[0.691482798160746, 0.14199158175521703, 0.7195869781838006, 0.23203882790647207, 0.6514364194403672, 0.12138933187344653, 0.9122440874051285, 0.3648732918286769, 0.4784604210616966, 0.6978681637122968]

Triángulo 2:
[1.0, 0.27440498118135953, 0.9125823836667551, 0.481391492681289, 0.8017625045959098, 0.36821193336088553, 0.7867866333774863, 0.12701996231919435, 0.0897012535771273, 0.39555993515766524]

Triángulo 3:
[0.41810284437812495, 0.18214535791222636, 0.2802605011680759, 0.5455890254404204, 0.1723961224629802, 0.2361092325480964, 0.02465525301434737, 0.13339014991480136, 0.32942815703049205, 0.7652604963729441]

Triángulo 4:
[0.8649585359710379, 1.0, 0.9364957917309149, 0.9733371659540818, 1.0, 0.8785541047513067, 0.8068709037815448, 0.09966937766835836, 0.18793738252642683, 0.3429550608928518]

Triángulo 5:
[0.03833331169376593, 0.17341284289038406, 0.32652811558935146, 0.035963011421206205, 0.0160016283896285, 0.28489225800627255, 0.0, 0.1697076427621146, 0.3052384106455614, 0.6463273461570898]

Triángulo 6:
[0.2273308552379275, 0.710529665372102, 0.17794431520629433, 0.8483453524276473, 0.1715373178875071, 0.7301807911449945, 0.0, 0.18221084832932902, 0.3461783969118972, 0.7656666451156606]

Triángulo 7:
[0.6717139848755433, 0.3015580410383694, 0.7703774736230378, 0.822290860691774, 1.0, 0.6657063475819522, 0.8524329400137122, 0.06679296427460474, 0.14000294374721473, 0.39438329348722234]

Triángulo 8:
[0.0, 0.3348425811553847, 0.4218125361297338, 0.6836695702580423, 0.07769071885310172, 0.23384981355167914, 0.0, 0.13169574894882408, 0.3529322296409246, 0.6498585718966221]

Triángulo 9:
[0.9438605774275515, 0.37424509122409744, 0.7276275148333096, 0.3014945489486908, 0.7281174317971976, 0.37171160361744027, 0.8499043033220139, 0.08509453518731587, 0.16513375279188178, 0.22553106132804768]

Triángulo 10:
[0.15017743276124346, 1.0, 0.0, 1.0, 0.015243056167906562, 0.8877320360396336, 0.009436307480468047, 0.12008459054545283, 0.3393657009654575, 0.7045705015636292]

Triángulo 11:
[0.3103633435840552, 0.33765205498611867, 0.0, 0.0, 0.31415754909819366, 0.0, 0.0, 0.21081835359260087, 0.3051292986080878, 0.5763310141550175]

Triángulo 12:
[0.0344907279526184, 0.7754762223549084, 0.030370114804046347, 0.7560856456506033, 0.0, 0.7845825746718558, 0.0, 0.17848942356122544, 0.3494126893886821, 0.3581636369748339]

Triángulo 13:
[0.8893671047544889, 0.9657790773022105, 0.7053408304121388, 0.616745077671263, 0.6087669180897286, 0.8915718531529486, 0.840696322864648, 0.082078184550996, 0.1635737468621135, 0.6770698129345721]

Triángulo 14:
[1.0, 0.09158448682418027, 0.9656785557166268, 0.11406815605191419, 0.8803402846246219, 0.0029730737441597405, 0.8257546742255001, 0.02640369235609586, 0.21704223349802632, 0.25630499710126714]

Triángulo 15:
[0.9883755156831715, 0.5910630823661409, 0.8052875836252259, 1.0, 0.9809494554836137, 0.9419103090523755, 0.7995437250616523, 0.02557210880921932, 0.16107427998579044, 0.46324844732393]

Triángulo 16:
[0.4083106955738818, 0.8680678309815111, 0.07258213581989631, 0.408316322593189, 0.2190007681007993, 0.6818051154774861, 0.01729174621216309, 0.12220165559108653, 0.3682704716598676, 0.5416722008395578]

Triángulo 17:
[0.006388925900692691, 0.5721952898366306, 0.01656926669233312, 0.3636812704645104, 0.0, 0.523051630354559, 0.0068247429589683856, 0.1290154656131454, 0.28321932640318254, 0.27336191737270166]

Triángulo 18:
[0.2973873989747475, 0.6916869237946854, 0.14014992939516407, 0.2723079402431264, 0.0, 0.705368075520435, 0.030889865450267583, 0.13506587016304406, 0.29322144933813477, 0.7650736498119672]

Triángulo 19:
[0.36894572377109053, 0.25328829056379704, 0.4258717589402144, 0.054233820718164544, 0.683955154261188, 0.14253418885748975, 1.0, 0.9857761713445206, 0.9508920758120654, 0.6121036129267736]

Triángulo 20:
[0.5022613323661504, 0.004218063320122653, 0.44753165162164665, 0.029328771593763542, 0.3143113290084662, 0.41963322965981426, 0.9498431830050772, 0.9628033408536523, 0.9950595806722305, 0.25288268072844067]

Triángulo 21:
[0.9749809583541487, 0.664469199233436, 0.8547454997159166, 0.906707495838792, 0.8477679592025014, 0.5898286778340868, 0.8336853700754192, 0.08171637292790414, 0.18646165062390352, 0.6441154501544869]

Triángulo 22:
[0.8428554480375751, 0.6783309285077952, 1.0, 0.6870894223525432, 1.0, 0.27988525213813376, 0.8254333825231629, 0.05622245907291288, 0.17804674182772373, 0.5282245920292233]

Triángulo 23:
[0.32150944759463757, 0.6197542111254892, 0.14587457337038595, 0.5244932995868951, 0.03479318170189952, 0.8629460171441861, 0.0, 0.178176679022937, 0.31662842447868544, 0.20775991077387712]

Triángulo 24:
[0.4151792193518525, 0.6610231013986045, 0.4572099215248997, 0.7420407284640355, 0.44687490189242485, 0.7347981141356498, 1.0, 1.0, 1.0, 0.41486269333951065]

Triángulo 25:
[0.6279362135448703, 0.996285091338573, 0.7006028552493407, 0.7379758929963846, 0.9810392947881758, 0.9770097821849586, 0.7893032384157229, 0.09673660860099918, 0.21010086406858636, 0.5286862727424445]

Triángulo 26:
[0.8228813792948768, 0.34058060705272486, 0.793466530628965, 0.15685461209871934, 1.0, 0.5254963040831431, 0.8700311910204661, 0.09839777298029921, 0.1298989378835099, 0.3213770807092019]

Triángulo 27:
[0.14882892057319147, 1.0, 0.2701421852259424, 0.9482527090701631, 0.33367991253597795, 0.5999161106801459, 0.017531365501095363, 0.1145668165239154, 0.3353151337895031, 0.5200451892810927]

Triángulo 28:
[0.7306404592281223, 0.001603844575276318, 0.9790161713501616, 0.393214061921367, 1.0, 0.0, 0.7681109781469179, 0.03746134941865005, 0.16422345409320566, 0.4334931940871844]

Triángulo 29:
[0.5880568573305875, 1.0, 0.49052869851507275, 1.0, 0.290913109782361, 0.9031800650131058, 1.0, 0.9527197869888709, 1.0, 0.7427518648930393]

Triángulo 30:
[0.20445388359247185, 0.2625091136836768, 0.1607366330299417, 0.3958648676825129, 0.0, 0.37511498496074014, 0.0, 0.17396329750318462, 0.3670425310199519, 0.5360071420831973]

Triángulo 31:
[0.6940944098839458, 0.849706193800509, 0.5017817024946446, 0.9377132652190887, 0.5893883936724712, 0.8055480440509492, 0.9522040295836702, 1.0, 0.9875823462646438, 0.626382496711232]

Triángulo 32:
[0.8700091221986244, 0.40080967533799056, 0.8292477129483065, 0.011993858696631101, 0.7199032330819837, 0.5702068699148749, 0.7873804772712656, 0.04747646199073986, 0.12246288420633625, 0.3427344279070379]

Triángulo 33:
[0.24508621491064428, 0.937078195053089, 0.06770472877317886, 0.937826246510469, 0.24963465181932823, 0.8697846849485208, 0.04780569851282857, 0.1586083446320191, 0.31046647266682587, 0.26095629363999373]

Triángulo 34:
[1.0, 1.0, 1.0, 0.7867502544124345, 0.9857047235119052, 0.9245750388920855, 0.7990936990806808, 0.09055336054091359, 0.11644292672845591, 0.5309730390643022]

Triángulo 35:
[0.6878937141044532, 0.6083818373652697, 0.6547006902431136, 0.3093400921987839, 0.6878013698209027, 0.20647434060172132, 0.8105182209401742, 0.024450949093585896, 0.18261417057058746, 0.5972613059652966]

Triángulo 36:
[0.04382185832975024, 0.22927422805460468, 0.0, 0.16588207266540328, 0.09778391473691109, 0.3997390220592072, 0.0, 0.17489088454331925, 0.29432171014651803, 0.5913764733196822]

Triángulo 37:
[0.17657921975582827, 0.04510989870073942, 0.1200065124701684, 0.16593178466839414, 0.14690995641428803, 0.010401984277727844, 0.0, 0.1851906029048983, 0.33098524367081217, 0.34900249956007523]

Triángulo 38:
[0.8906861268958186, 0.03532497458419365, 0.6723774749694396, 0.060522193564422566, 0.8546254461414845, 0.5685968676746979, 0.7706753579846747, 0.0768067673892176, 0.19795666097371317, 0.649036002515877]

Triángulo 39:
[0.0, 0.2785981372949481, 0.0, 0.07479285270768757, 0.3211901995094221, 0.0, 0.022233521684977945, 0.19412225690012697, 0.28751140522287993, 0.6194744001804153]

Triángulo 40:
[0.12311157234734438, 0.47942530008219775, 0.15767570379660645, 0.5463653278847402, 0.20346656775714714, 0.46976072570712224, 0.04888188439404889, 0.16513814163262236, 0.3710036399287739, 0.7946395294245301]

Triángulo 41:
[0.034180570879455, 0.21187443481530563, 0.07357911146686316, 0.5156241757404298, 0.00575245104753387, 0.5835512940514291, 0.03946179094014113, 0.10231910532000184, 0.3166259023428166, 0.5322817516612723]

Triángulo 42:
[0.4519067236476045, 0.848175061606115, 0.5416645580830622, 0.744524298166005, 0.5170175910473166, 0.8563300615766681, 0.978338224363638, 1.0, 0.9368418583793, 0.8129327188519165]

Triángulo 43:
[0.0, 0.7476396819067025, 0.0, 0.6161650381147472, 0.0, 0.5995855728529992, 0.0, 0.12753297594583288, 0.35114698172006414, 0.5184087228637081]

Triángulo 44:
[1.0, 0.8793199831651768, 0.9231144453827154, 0.7335987366937984, 0.9572837319293246, 0.9185032978764269, 0.7822359634339419, 0.09354640775131534, 0.10473493071110332, 0.34696552178936013]

Triángulo 45:
[0.6338533880501317, 0.13367542210729985, 0.5387157088505931, 0.15224675447658453, 0.5968820824748795, 0.09410934746678315, 0.9785736996463263, 1.0, 0.992607352047136, 0.5826541772445439]

Triángulo 46:
[0.14067115485628703, 0.6494524286229709, 0.158524735107862, 0.9773449144000574, 0.0, 0.9586913831444166, 0.011259244801363942, 0.13553536576134234, 0.34159165689639026, 0.6245240941982964]

Triángulo 47:
[0.3282822902563705, 1.0, 0.02646486593997628, 0.9862704793480809, 0.275992268675052, 0.7778640774256386, 0.0, 0.16681445424398175, 0.2694608699859715, 0.21762402356600477]

Triángulo 48:
[0.13030220999884892, 0.2260576395065623, 0.12248963977348044, 0.43343966502986236, 0.060384410065646675, 0.33837031466251616, 0.035472842137126745, 0.16372585701539114, 0.29683298870712116, 0.3340033288430448]

Triángulo 49:
[0.3627835106155472, 0.7128884806443679, 0.1677494059956863, 0.8308674931817508, 0.3346131324587476, 0.6696980142073928, 0.005782659240211989, 0.13152858440024098, 0.2971581941474783, 0.38149535943917645]

Triángulo 50:
[0.010522959076855602, 0.0, 0.17507128415018036, 0.0, 0.17330447075543393, 0.2506369723723511, 0.015937691744341703, 0.10961073754714203, 0.35323528017997724, 0.5076710527026005]

Triángulo 51:
[0.017115374793009397, 0.31554700175272504, 0.0, 0.2248780167550938, 0.059682827243179054, 0.5420815976614975, 0.016151849175217253, 0.1516221213639808, 0.3743720456596411, 0.2262444063144386]

Triángulo 52:
[0.3114189512299271, 0.5086544925225959, 0.30707922944549604, 0.31092180887052223, 0.3343458825649881, 0.5030096778869289, 0.010824848691100467, 0.16649318064473678, 0.40406882954688733, 0.5121203701333779]

Triángulo 53:
[0.8378318279339535, 0.8006283091928321, 0.8559335942119837, 0.8245527928489454, 0.8174765417046855, 0.8643985682423169, 0.7888495939777439, 0.03119095490893025, 0.24057650377312903, 0.5825298728923674]

Triángulo 54:
[0.4078257959929036, 0.9519878255792075, 0.6223053663695779, 0.9932622368426122, 0.3367485028982064, 1.0, 0.998871423978297, 1.0, 1.0, 0.32675746662457983]

Triángulo 55:
[0.023746017497162736, 0.5585558424514544, 0.033790628827839314, 0.5831389238381923, 0.2879133928686123, 0.7598725099266076, 0.049225056958308595, 0.12019018404925103, 0.30802425437825454, 0.5638700086512615]

Triángulo 56:
[0.17538536054634912, 0.0, 0.03765238139302865, 0.16572764774972298, 0.31704716255571, 0.050780592387070445, 0.0, 0.18604152479843716, 0.2949529219687362, 0.5553590141930009]

Triángulo 57:
[0.8316175376169843, 0.6030957743897254, 0.6702985808777245, 0.16358913424188207, 0.9747192690006415, 0.5353494798489459, 0.8249712090004822, 0.024168346475491265, 0.11121651279751689, 0.7996233086022562]

Triángulo 58:
[0.880161967972968, 0.7835479016164503, 0.6093286955631575, 0.45186190288142764, 0.8264406859025584, 0.5789958122751384, 0.8779743315432937, 0.4122244118616039, 0.4787916460692988, 0.4216210538855276]

Triángulo 59:
[0.20667774848374798, 0.7825630239166648, 0.021426400077223472, 0.7662855220166785, 0.0, 0.7151085253196411, 0.0, 0.1142131342525373, 0.3666260201460658, 0.6424305179637659]

